
test 15

4.32 6.04 7.24 8.64 10.4 12.4 15.76
speed

5.813953488372094 8.333333333333332 7.1428571428571415 5.6818181818181825 5.0 2.9761904761904767


test16

2.8 4.64 5.84 7.24 9.0 10.96 14.36
speed

5.434782608695652 8.333333333333332 7.1428571428571415 5.6818181818181825 5.102040816326529 2.9411764705882364


test 17
2.8 4.64 5.84 7.24 9.0 10.96 14.36
5.434782608695652 8.333333333333332 7.1428571428571415 5.6818181818181825 5.102040816326529 2.9411764705882364
5.772668092269846 2.9411764705882364

test 18
5.24 7.44 8.6 9.96 11.52 12.88 14.4
4.545454545454545 8.62068965517242 7.352941176470582 6.410256410256416 7.352941176470582 6.578947368421055


test0
5.43